fecha	ipc_var	a3500_var	ccl_var	badlar_mensual	emae_var	tcr_var	tcm_var	badlar_var	emae_deses	pandemia
2011-01-01	1.09	0.63	2.47	0.924731182795699	9.5	0.1	0.8	NA	2.7	0
2011-02-01	0.93	0.54	1.38	0.9190848214285713	8.1	-0.2	0.5	-0.6105948920266058	-1.1	0
2011-03-01	0.96	0.53	1.49	0.9306115591397849	7.4	-1.6	0.6	1.2541538541891217	0.5	0
2011-04-01	1	0.65	0.59	0.9289930555555556	3.6	-1.4	0.6	-0.17391827646385805	0.2	0
2011-05-01	1.03	0.2	3.36	0.9361559139784947	5.1	-1.2	0.2	0.7710346573748694	1.7	0
2011-06-01	1.14	0.54	-4.27	0.9348958333333336	4.6	-1	0.5	-0.13460157932517758	-0.2	0
2011-07-01	1.01	0.79	1.39	0.9700940860215052	4.9	-0.6	0.9	3.7649384490969107	0.2	0
2011-08-01	1.02	1.29	5.01	1.031081989247312	6.7	-0.8	1.3	6.28680290959478	-0.1	0
2011-09-01	1.03	-0.04	7.23	1.0819444444444448	7.7	-1.6	0.1	4.932920536635721	0.9	0
2011-10-01	0.9	0.74	7.64	1.4593413978494625	7.3	-0.3	0.7	34.881361547061964	-0.7	0
2011-11-01	0.95	1.01	-7.08	1.6505208333333337	4.8	-0.1	1.1	13.100391434492309	-0	0
2011-12-01	0.92	0.47	1.64	1.5636760752688168	3.5	-1.3	0.5	-5.2616577937479425	0.2	0
2012-01-01	0.96	0.77	-6.96	1.3326612903225807	2.3	-0.1	0.8	-14.773826152358415	0	0
2012-02-01	0.99	0.48	4.09	1.185704022988506	2.2	-0.8	0.5	-11.027353191785327	-2	0
2012-03-01	1.18	0.54	8.59	1.0734206989247308	0.3	-2.6	0.5	-9.469759896805519	0.6	0
2012-04-01	1.13	0.83	0.82	1.0171875	-3.7	-0.8	0.9	-5.238691501017345	-2.7	0
2012-05-01	1.02	1.28	21.74	0.9746303763440861	-5.3	-1	1.2	-4.183803247278773	-0.9	0
2012-06-01	0.99	1.22	1.8	1.0100694444444445	-4.9	-0.1	1.3	3.6361546859736693	0.4	0
2012-07-01	0.97	1.28	1.86	1.1115591397849465	0.3	-0.4	1.3	10.047793832266949	2.8	0
2012-08-01	1.03	1.06	-2.62	1.1691868279569895	-0.5	-0.4	1.2	5.184401451027809	0.1	0
2012-09-01	1.11	1.28	-7.44	1.1993055555555556	-3.2	0.2	1.3	2.5760406188628515	0.8	0
2012-10-01	1.03	1.41	7.42	1.2536962365591402	1.5	0.2	1.5	4.5351812765003885	0.7	0
2012-11-01	1	1.34	0.97	1.2680555555555555	0	-0.6	1.5	1.1453587063342763	-0.1	0
2012-12-01	0.97	1.73	2.51	1.2926747311827955	0.2	0.1	1.7	1.9414903013814655	1.4	0
2013-01-01	1.02	1.21	8.89	1.266633064516129	0.2	-0.6	1.2	-2.014556797504541	-2.2	0
2013-02-01	1.06	1.24	4.59	1.2334449404761905	0.3	0.1	1.4	-2.620184564076322	1.8	0
2013-03-01	1.01	1.48	6.22	1.2394153225806455	1.3	-0.7	1.5	0.48404123350249684	0.1	0
2013-04-01	0.96	1.2	9.41	1.2625000000000002	7.2	-0.8	1.3	1.8625457503050002	0.1	0
2013-05-01	1.26	1.92	-7.04	1.3108198924731185	6.7	0.3	1.9	3.8273182156925323	-0.2	0
2013-06-01	1.35	1.92	-8.84	1.3869791666666667	4.9	0	2	5.8100487054601135	0.5	0
2013-07-01	1.13	2.16	3.66	1.4398521505376345	2.6	0	2.2	3.8120964713578065	-0.5	0
2013-08-01	1.13	2.96	5.71	1.4726142473118278	1.9	1.3	3	2.2753792298716213	1.3	0
2013-09-01	1.09	2.12	2.19	1.5138888888888886	3.2	0.2	2.1	2.8028142232363606	0	0
2013-10-01	1.14	1.92	1.98	1.5714045698924732	1	-0.6	2.1	3.7992009470257715	-0.8	0
2013-11-01	1.22	3.62	-7.63	1.5911458333333337	-0.5	1.4	3.9	1.256281407035198	-0.6	0
2013-12-01	1.49	6.23	5.24	1.6932123655913978	-0.7	3.6	6.2	6.414656037168021	-0.6	0
2014-01-01	4.93	23.02	33.15	1.8234206989247315	1.1	17.9	22.8	7.69001786068666	-1.3	0
2014-02-01	5.12	-1.75	-16.54	2.129278273809524	-0.2	-7	-1.7	16.773834752734594	1	0
2014-03-01	2.43	1.67	-1.02	2.184643817204302	-3.3	-2	1.6	2.6002023350251147	-1	0
2014-04-01	1.72	0	-0.01	2.191319444444445	-2.3	-2.3	0	0.3055705093696126	-0.3	0
2014-05-01	1.87	0.95	8.8	2.064684139784946	-2.2	-1.4	1	-5.77895226460714	0.1	0
2014-06-01	1.51	0.68	-6.35	1.9244791666666663	-1.6	-1.3	0.7	-6.790625762877378	-0.5	0
2014-07-01	1.35	0.93	-3.22	1.835181451612904	-3.5	-0.9	1	-4.64009777816573	-0.4	0
2014-08-01	1.63	2.18	26.61	1.7627688172043008	-5.6	-0.2	2.3	-3.9458024352284737	-0.4	0
2014-09-01	1.59	0.66	16.39	1.6897569444444445	-3.6	-2.1	0.3	-4.141885881306373	0	0
2014-10-01	1.23	0.65	-9.56	1.6706989247311828	-3.6	-0.7	0.8	-1.1278556821985752	0.2	0
2014-11-01	0.91	0.27	-9.6	1.6520833333333331	-3.3	-1.6	0.3	-1.1142397425583317	0.7	0
2014-12-01	0.95	0.3	0.05	1.6722110215053763	-1.5	-1.5	0.3	1.2183216043607503	0	0
2015-01-01	0.2	1.02	3.36	1.6886760752688172	-2.9	-1.1	1.1	0.9846277504270251	-0.6	0
2015-02-01	0.25	0.98	-0.76	1.7224702380952377	0.1	-0.6	0.9	2.001222337507258	2.7	0
2015-03-01	0.98	1.09	-0.7	1.7363911290322576	3.4	-0.5	1.1	0.8081934090433895	-0.1	0
2015-04-01	0.74	0.89	-1.99	1.7359375000000006	3.4	-1	1	-0.026124818577588638	1.4	0
2015-05-01	1.48	0.95	-0.88	1.693716397849462	2.9	-0.8	1	-2.4321787017411944	0.2	0
2015-06-01	1.32	1	12.18	1.706597222222222	5.9	0	1.1	0.7605065635023056	0.7	0
2015-07-01	1.44	1.05	0.46	1.7264784946236564	4.4	-0.8	1.1	1.1649657073475206	-0.3	0
2015-08-01	1.33	1.18	3.34	1.7508400537634412	4.5	-0.8	1.2	1.411054885169305	-0.3	0
2015-09-01	1.35	1.26	0.73	1.7657986111111112	2.9	-0.8	1.4	0.8543645843329006	-0.8	0
2015-10-01	0.93	1.26	-2.48	1.801243279569893	2.6	0	1.3	2.0072882737447895	0.1	0
2015-11-01	2	1.49	8.86	1.9503472222222222	3.8	-0.8	1.5	8.277834779093961	-0.5	0
2015-12-01	3.9	34.11	-7.47	2.266129032258065	1.1	27.8	34.6	16.191055953413326	-0.9	0
2016-01-01	9	6.91	2.55	2.1975806451612905	0.6	2.6	7.1	-3.0249110320284767	0.7	0
2016-02-01	5	10.62	13.87	2.1857040229885056	1.2	9.4	13.2	-0.540440788779939	-0.5	0
2016-03-01	2.4	-8.4	-8.76	2.466565860215053	0.5	-9.6	-7	12.849948312879356	-0.6	0
2016-04-01	1.5	-3.03	-2.54	2.5512152777777772	-2.7	-7.2	-3.1	3.4318733964534776	-0.9	0
2016-05-01	3.6	-1.72	-2.12	2.5789650537634414	-3.2	-5.6	-1.8	1.0877081298225733	-0.4	0
2016-06-01	2.9	6.93	8.34	2.409548611111112	-5.7	4.6	7.5	-6.569163952225832	-0.2	0
2016-07-01	2.7	-0.49	0.51	2.1698588709677424	-5.3	-2.3	-0.2	-9.947495520036087	0.1	0
2016-08-01	0.4	-0.57	-0.53	2.0687163978494625	-1.9	-0.6	-0.5	-4.661246612466141	0.8	0
2016-09-01	0.4	2.55	1.1	1.921701388888889	-2.7	1.6	2.5	-7.106581120225242	-0.4	0
2016-10-01	0.6	-0.58	0.12	1.8413978494623653	-4	-3.1	-1	-4.178773033668593	0	0
2016-11-01	1.1	4.75	8.44	1.7574652777777777	-0.8	3.2	4.7	-4.558090024330886	0.6	0
2016-12-01	0.8	-0.15	0.37	1.6728830645161292	0.5	-0.8	0.1	-4.812738796671889	0.9	0
2017-01-01	1.6	0.39	0.04	1.6475134408602155	1.4	-1	0	-1.5165210404740281	0.2	0
2017-02-01	2.1	-2.4	-1.91	1.6685267857142851	-1.5	-4.5	-2.6	1.2754581742955517	-0.2	0
2017-03-01	2.4	-0.62	0	1.625840053763441	1.7	-2.9	-0.6	-2.558348617254602	0.7	0
2017-04-01	2.7	0.29	-0.14	1.6012152777777777	-0.9	-2.4	0.1	-1.5145878543625924	-0.3	0
2017-05-01	1.4	4.64	3.93	1.6335685483870965	3	3	4.5	2.0205447111533825	0.6	0
2017-06-01	1.2	3.37	3.3	1.65	4.8	2.3	3.3	1.0058623881518125	1.1	0
2017-07-01	1.7	6.46	6.89	1.68010752688172	4.6	4.3	6.1	1.8246985988921383	0.2	0
2017-08-01	1.4	-1.41	-1.1	1.729502688172043	3.9	-2.9	-1.9	2.9400000000000315	0	0
2017-09-01	1.9	0.47	0.18	1.7763888888888892	3.1	-1.3	0	2.7109643157826824	0.5	0
2017-10-01	1.5	2.04	2.46	1.8037634408602148	5.8	0.6	2	1.541022472193454	0.3	0
2017-11-01	1.4	-1.5	-1.49	1.8784722222222223	4.8	-3	-2	4.141828117237978	0.5	0
2017-12-01	3.1	8.77	9.35	1.9324596774193548	2.9	4.6	7.8	2.874008705503539	-0.2	0
2018-01-01	1.8	4.68	2.46	1.9156586021505377	4.5	4	5.4	-0.8694140149539065	-0.8	0
2018-02-01	2.4	3.31	4.96	1.8908110119047612	5	0.2	2.3	-1.2970782068309261	0.6	0
2018-03-01	2.3	-0.09	-1.23	1.8983534946236562	2.1	-2.1	0.2	0.39890198816310285	-0.4	0
2018-04-01	2.7	2.72	0.61	1.8998263888888884	-0.3	-0.5	1.9	0.07758798713746184	-3	0
2018-05-01	2.1	20.57	20.04	2.3375336021505384	-5.2	19.3	21.5	23.03932695227182	-1.4	0
2018-06-01	3.7	15.62	14.6	2.542361111111112	-6.2	11.5	15.6	8.762548216296517	-0.8	0
2018-07-01	3.1	-5.26	-5.15	2.872143817204301	-2.9	-7.8	-5	12.971513159633762	0.3	0
2018-08-01	3.9	34.94	38.38	2.9218749999999996	-1.7	29.7	34.4	1.7315004387247646	2	0
2018-09-01	6.5	10.16	8.57	3.474305555555555	-5.9	5.3	11.9	18.906714200831853	-2.4	0
2018-10-01	5.4	-10.27	-8.18	4.218581989247311	-4.4	-17.1	-12.8	21.422307905579217	0.3	0
2018-11-01	3.2	6.37	3.31	4.2723958333333325	-7.5	1.6	4.9	1.2756382173722658	-1.4	0
2018-12-01	2.6	-0.56	1.34	4.060651881720431	-7.2	-2.5	-0.1	-4.956093954611374	0.2	0
2019-01-01	2.9	-2.05	-1.06	3.827284946236559	-5.7	-3.8	-0.9	-5.747031321113849	0.1	0
2019-02-01	3.8	4.73	6.65	3.1456473214285707	-4.7	1.3	4.8	-17.80995233914463	1.5	0
2019-03-01	4.7	9.91	7.37	3.4433803763440864	-7	6.2	10.7	9.464921667706294	-1.3	0
2019-04-01	3.4	2.77	4.6	4.036979166666668	-1.1	-1.2	1.8	17.238838741156393	0.1	0
2019-05-01	3.1	1.95	NA	4.37684811827957	2.9	-1.6	1.4	8.418892879586792	1.4	0
2019-06-01	2.7	-5.4	-4.65	4.239756944444443	-0.2	-7.7	-5.1	-3.132189423310716	-0.5	0
2019-07-01	2.2	4.12	4.28	4.042338709677418	0.6	1.3	3.3	-4.656357365620023	1.4	0
2019-08-01	4	33.28	42.34	4.608534946236559	-3.7	30.6	35.6	14.006650041562786	-0.6	0
2019-09-01	5.9	-2.57	-1.66	4.995659722222222	-2.1	-8.5	-3.2	8.400170130027963	-2.8	0
2019-10-01	3.3	3.52	20.67	4.585853494623656	-0.8	0.6	3.6	-8.20324542473585	2.3	0
2019-11-01	4.3	0.18	-6.35	3.8586805555555563	-2	-3.3	0.5	-15.856872443060377	-2.1	0
2019-12-01	3.7	0.05	0.35	3.4758064516129026	-0.4	-3.5	-0.1	-9.922409964499623	-0.6	0
2020-01-01	2.3	0.73	13.66	3.031922043010752	-0.5	-1.3	0.8	-12.770688321732404	0.6	0
2020-02-01	2	3.11	-4.59	2.7823275862068972	-2.5	1.2	3.1	-8.232218812460069	-1.2	0
2020-03-01	3.3	3.64	NA	2.448924731182796	-11.6	-0.2	3.6	-11.982875656946778	-9.9	0
2020-04-01	1.5	3.57	27.87	1.6925347222222222	-24.4	1.4	3.7	-30.88661727039884	-15.5	0
2020-05-01	1.5	2.54	-4.4	1.9322916666666663	-20.2	0.9	2.5	14.165555441583733	10.8	0
2020-06-01	2.2	2.67	-8.84	2.460590277777777	-12.2	1	2.8	27.34052111410601	6.2	0
2020-07-01	1.9	2.55	14.77	2.461189516129033	-13.2	1.3	2.6	0.024353438955992956	1.3	0
2020-08-01	2.7	2.57	NA	2.471270161290323	-11.4	0.2	2.6	0.40958427196393643	2.1	0
2020-09-01	2.8	2.6	15.29	2.477430555555556	-5.7	0.1	2.7	0.24928048587031792	1.6	0
2020-10-01	3.8	2.73	4.88	2.5577956989247315	-7.3	-0.8	2.8	3.2438908605918026	1.8	0
2020-11-01	3.2	3.79	-1.5	2.7499999999999996	-4.1	0.9	3.8	7.514450867052003	0.9	0
2020-12-01	4	3.38	-3.54	2.848118279569893	-1.4	-0.1	3.5	3.567937438905222	1.6	0
2021-01-01	4	3.75	7.79	2.846606182795699	-1.6	0	3.8	-0.05309108069845303	2.6	1
2021-02-01	3.6	2.53	-0.25	2.835379464285714	-1.9	-0.3	2.9	-0.39438959199333823	-1.6	1
2021-03-01	4.8	2.11	-3.64	2.8398857526881716	14	-1.8	2.4	0.1589306990199546	1.9	1
2021-04-01	4.1	1.71	6.2	2.841145833333334	30	-1.6	1.7	0.04437082174766349	-0.8	1
2021-05-01	3.3	1.21	4.86	2.841565860215054	15.4	-1.4	1.3	0.01478371426035796	-0.4	1
2021-06-01	3.2	1.05	2.95	2.842534722222223	12.5	-1.3	1	0.034096060229815706	1.9	1
2021-07-01	3	0.96	7	2.8445900537634405	11.9	-1.4	1	0.07230629498207186	0.2	1
2021-08-01	2.5	1.1	-4.05	2.8459341397849456	12.8	-1.1	1.1	0.047250605398363454	1.2	1
2021-09-01	3.5	0.98	9.36	2.845486111111111	11.2	-2	1	-0.015742763248494107	0.7	1
2021-10-01	3.5	0.95	7.22	2.8452620967741935	6.9	-1.5	1	-0.007872620992344093	-0.3	1
2021-11-01	2.5	1.1	2.34	2.847916666666667	9.5	-0.4	1.2	0.09329790374963398	1.6	1
2021-12-01	3.8	1.73	-7.14	2.8497983870967745	10.7	-1.3	1.7	0.06607357764825128	2.7	1
2022-01-01	3.9	2.2	8.45	3.075772849462365	4.9	-1	2.2	7.929489446999138	-2.3	1
2022-02-01	4.7	2.19	-5.32	3.208147321428572	8.2	-1.5	2.3	4.303779194531399	1.4	1
2022-03-01	6.7	3.29	-7.85	3.3775201612903234	4.5	-2.2	3.3	5.279459541350806	-0.5	1
2022-04-01	6	3.77	8.45	3.584895833333334	5.7	-1.6	3.9	6.139879619957211	1.5	1
2022-05-01	5.1	4.21	3.42	3.804267473118279	7.8	0.1	4.2	6.119330936903888	0.2	1
2022-06-01	5.3	4.06	20.37	3.9940972222222224	6.9	0.2	4.2	4.989915941644973	0.9	1
2022-07-01	7.4	4.64	13.97	4.276545698924732	6.1	-2.4	4.8	7.071647508504109	-0.1	1
2022-08-01	7	5.14	5.35	5.070564516129034	6.4	-1.2	5.7	18.566826431994986	-0.7	1
2022-09-01	6.2	5.98	8.24	5.531597222222222	4.7	0.4	6.2	9.092334879611187	-0.4	1
2022-10-01	6.3	6.5	-1.89	5.74815188172043	4.2	0.7	6.5	3.914866733757072	-0.6	1
2022-11-01	4.9	6.37	6.22	5.766840277777777	2.2	1.9	6.6	0.3251200810608035	-0.8	1
2022-12-01	5.1	5.63	5.06	5.775537634408604	-1.6	1	5.9	0.15081667276866106	-0.1	1
2023-01-01	6	5.5	7.81	5.781418010752686	2.9	0.1	5.6	0.10181521992080889	0.8	0
2023-02-01	6.6	5.26	0.71	5.816406249999999	0.1	-0.8	5.4	0.6051843887129316	0.1	0
2023-03-01	7.7	5.78	9.92	5.908938172043009	1.2	-1.4	6	1.5908779075225477	-0.2	0
2023-04-01	8.4	6.5	12.49	6.222916666666665	-4.2	-1.4	6.5	5.3136195621268145	-1.8	0
2023-05-01	7.8	7.53	5.17	7.499495967741935	-6.1	0	7.6	20.51416352581621	-1.1	0
2023-06-01	6	6.92	4.24	7.701215277777779	-4.8	1.3	7.2	2.6897715646959863	0.2	0
2023-07-01	6.3	7.25	6.83	7.718749999999999	-1.7	1.1	7.2	0.22768772966024198	2	0
2023-08-01	12.4	26.75	39.54	8.66633064516129	0	13.7	27.2	12.276348439336559	0.7	0
2023-09-01	12.7	0	6.47	9.483506944444441	-0.7	-11	0	9.429322890413939	-0.1	0
2023-10-01	8.3	0	6.93	10.094422043010752	1	-7.5	0	6.441869048497861	0.2	0
2023-11-01	12.8	3.01	-1.93	10.784722222222223	-0.9	-8.6	3	6.838431920819343	-2	0
2023-12-01	25.5	123.94	2.76	10.101310483870968	-4.5	79.3	124.3	-6.336850632490709	-2.8	0
2024-01-01	20.6	2.2	0	9.0966061827957	-4.3	-15	2.2	-9.946276799228237	-1.2	0
